(usm
   num_shells = 5
(mass_shell
   id =  1
   mass =  0.000000000000000E+000
   radius =  2.283695280500656E-006
   angular_momentum =  0.000000000000000E+000
   density =  1.668312807427330E-009
   pressure =  2.342685436231727E+004
   (chemical_composition
      h1 =  6.984909854310398E-001
      he4 =  2.813927926361431E-001
      o16 =  1.009965586637461E-002
      n14 =  1.045629650790445E-003
      c12 =  3.539807679916596E-003
      ne20 =  1.851094969072195E-003
      mg24 =  3.580033766663247E-003
      si28 =  0.000000000000000E+000
      fe56 =  0.000000000000000E+000
   )chemical_composition
)mass_shell
(mass_shell
   id =  2
   mass =  2.089027903051457E-005
   radius =  1.283088702374249E-002
   angular_momentum =  0.000000000000000E+000
   density =  1.198253153566539E-009
   pressure =  1.501323276361457E+004
   (chemical_composition
      h1 =  6.984909854310403E-001
      he4 =  2.813927926361426E-001
      o16 =  1.009965586637460E-002
      n14 =  1.045629650790277E-003
      c12 =  3.539807679916740E-003
      ne20 =  1.851094969072195E-003
      mg24 =  3.580033766663335E-003
      si28 =  0.000000000000000E+000
      fe56 =  0.000000000000000E+000
   )chemical_composition
)mass_shell
(mass_shell
   id =  3
   mass =  8.140465153714270E-005
   radius =  2.024565165732768E-002
   angular_momentum =  0.000000000000000E+000
   density =  9.053241713061847E-010
   pressure =  9.835200009927596E+003
   (chemical_composition
      h1 =  6.984909854310405E-001
      he4 =  2.813927926361424E-001
      o16 =  1.009965586637460E-002
      n14 =  1.045629650790173E-003
      c12 =  3.539807679916829E-003
      ne20 =  1.851094969072195E-003
      mg24 =  3.580033766663293E-003
      si28 =  0.000000000000000E+000
      fe56 =  0.000000000000000E+000
   )chemical_composition
)mass_shell
(mass_shell
   id =  4
   mass =  1.961402904987627E-004
   radius =  2.718164002353507E-002
   angular_momentum =  0.000000000000000E+000
   density =  6.880872571817458E-010
   pressure =  6.513788200397637E+003
   (chemical_composition
      h1 =  6.984909854310407E-001
      he4 =  2.813927926361422E-001
      o16 =  1.009965586637460E-002
      n14 =  1.045629650790104E-003
      c12 =  3.539807679916889E-003
      ne20 =  1.851094969072195E-003
      mg24 =  3.580033766663304E-003
      si28 =  0.000000000000000E+000
      fe56 =  0.000000000000000E+000
   )chemical_composition
)mass_shell
(mass_shell
   id =  5
   mass =  3.776292911884819E-004
   radius =  3.384068717934565E-002
   angular_momentum =  0.000000000000000E+000
   density =  4.995591618329904E-010
   pressure =  4.312516641874507E+003
   (chemical_composition
      h1 =  6.984909854310408E-001
      he4 =  2.813927926361421E-001
      o16 =  1.009965586637460E-002
      n14 =  1.045629650790056E-003
      c12 =  3.539807679916930E-003
      ne20 =  1.851094969072195E-003
      mg24 =  3.580033766663309E-003
      si28 =  0.000000000000000E+000
      fe56 =  0.000000000000000E+000
   )chemical_composition
)mass_shell
)usm
